Date,Open,High,Low,Close,Adj Close,Volume
2018-11-28,20.93000030517578,21.059999465942383,20.579999923706055,20.610000610351562,18.180561065673828,13500
2018-11-29,20.649999618530273,20.75,20.510000228881836,20.510000228881836,18.092348098754883,9700
2018-11-30,20.5,20.858999252319336,20.5,20.799999237060547,18.34816551208496,7900
2018-12-03,20.860000610351562,20.972000122070312,20.75,20.75,18.304059982299805,7100
2018-12-04,20.799999237060547,20.878000259399414,20.399999618530273,20.459999084472656,18.048242568969727,27300
2018-12-06,20.389999389648438,20.530000686645508,20.059999465942383,20.15999984741211,17.783607482910156,23100
2018-12-07,20.290000915527344,20.503000259399414,20.020000457763672,20.25,17.86299705505371,25000
2018-12-10,20.25,20.29400062561035,19.90999984741211,20.049999237060547,17.686573028564453,12600
2018-12-11,20.110000610351562,20.31999969482422,20.0,20.010000228881836,17.651288986206055,14500
2018-12-12,20.040000915527344,20.510000228881836,20.010000228881836,20.110000610351562,17.739500045776367,33900
2018-12-13,20.1200008392334,20.334999084472656,20.110000610351562,20.149999618530273,17.7747859954834,14300
2018-12-14,20.1200008392334,20.27199935913086,20.040000915527344,20.09000015258789,17.721858978271484,23800
2018-12-17,20.1200008392334,20.26300048828125,20.110000610351562,20.25,17.86299705505371,35600
2018-12-18,20.34000015258789,20.34000015258789,20.059999465942383,20.059999465942383,17.695392608642578,11500
2018-12-19,20.059999465942383,20.34000015258789,20.059999465942383,20.176000595092773,17.797719955444336,13900
2018-12-20,20.059999465942383,20.06999969482422,19.40999984741211,19.670000076293945,17.351362228393555,22800
2018-12-21,19.65999984741211,19.736000061035156,19.40999984741211,19.736000061035156,17.409587860107422,16200
2018-12-24,19.469999313354492,19.579999923706055,19.3799991607666,19.39299964904785,17.107017517089844,5200
2018-12-26,19.34000015258789,19.889999389648438,19.280000686645508,19.889999389648438,17.54543113708496,13900
2018-12-27,19.530000686645508,19.81999969482422,19.0,19.43000030517578,17.1396541595459,18800
2018-12-28,19.450000762939453,20.389999389648438,19.450000762939453,20.239999771118164,17.85417366027832,43600
2018-12-31,20.18000030517578,20.739999771118164,20.010000228881836,20.739999771118164,18.295238494873047,25300
2019-01-02,20.610000610351562,20.989999771118164,20.389999389648438,20.989999771118164,18.515769958496094,5800
2019-01-03,20.579999923706055,20.979999542236328,20.579999923706055,20.889999389648438,18.427555084228516,10300
2019-01-04,20.940000534057617,21.389999389648438,20.899999618530273,21.329999923706055,18.815690994262695,9800
2019-01-07,21.038999557495117,21.489999771118164,21.038999557495117,21.489999771118164,18.956830978393555,5700
2019-01-08,21.600000381469727,21.790000915527344,21.260000228881836,21.739999771118164,19.1773624420166,3900
2019-01-09,21.739999771118164,21.739999771118164,21.60300064086914,21.68000030517578,19.124433517456055,3900
2019-01-10,21.420000076293945,21.43000030517578,21.215999603271484,21.43000030517578,19.18710708618164,2000
2019-01-11,21.43000030517578,21.75,21.399999618530273,21.75,19.473615646362305,23900
2019-01-14,21.75,21.889999389648438,21.527000427246094,21.889999389648438,19.598962783813477,5000
2019-01-15,21.889999389648438,22.0,21.472999572753906,22.0,19.697450637817383,8100
2019-01-16,22.0,22.0,21.799999237060547,21.850000381469727,19.563152313232422,6100
2019-01-17,21.850000381469727,21.850000381469727,21.753000259399414,21.850000381469727,19.563152313232422,5200
2019-01-18,21.46500015258789,21.940000534057617,21.46500015258789,21.940000534057617,19.64373016357422,4000
2019-01-22,21.450000762939453,21.799999237060547,21.450000762939453,21.604000091552734,19.342897415161133,3800
2019-01-23,21.520000457763672,21.865999221801758,21.450000762939453,21.506999969482422,19.25604820251465,5600
2019-01-24,21.450000762939453,21.65999984741211,21.450000762939453,21.600000381469727,19.33931541442871,4700
2019-01-25,21.610000610351562,21.899999618530273,21.610000610351562,21.88800048828125,19.597171783447266,1600
2019-01-28,21.8799991607666,22.459999084472656,21.871999740600586,22.375,20.033203125,18200
2019-01-29,22.3799991607666,22.3799991607666,22.0,22.290000915527344,19.957096099853516,13100
2019-01-30,22.350000381469727,22.65999984741211,22.350000381469727,22.639999389648438,20.270465850830078,11100
2019-01-31,22.329999923706055,23.110000610351562,21.770000457763672,23.110000610351562,20.691274642944336,45300
2019-02-01,22.950000762939453,22.950000762939453,22.510000228881836,22.729999542236328,20.35104751586914,12600
2019-02-04,22.700000762939453,22.780000686645508,22.6200008392334,22.649999618530273,20.2794189453125,8700
2019-02-05,22.649999618530273,22.790000915527344,22.459999084472656,22.459999084472656,20.10930633544922,14900
2019-02-06,22.459999084472656,22.78700065612793,22.459999084472656,22.780000686645508,20.39581871032715,9800
2019-02-07,22.489999771118164,22.780000686645508,22.31999969482422,22.780000686645508,20.39581871032715,8700
2019-02-08,22.56999969482422,22.639999389648438,22.344999313354492,22.344999313354492,20.006343841552734,9100
2019-02-11,22.18000030517578,22.290000915527344,22.170000076293945,22.170000076293945,19.849658966064453,11600
2019-02-12,22.170000076293945,22.719999313354492,22.170000076293945,22.40999984741211,20.064537048339844,8700
2019-02-13,22.579999923706055,22.780000686645508,22.399999618530273,22.780000686645508,20.39581871032715,7500
2019-02-14,22.753000259399414,22.780000686645508,22.5,22.5,20.14512062072754,12400
2019-02-15,22.700000762939453,22.770000457763672,22.56999969482422,22.56999969482422,20.207792282104492,6800
2019-02-19,22.56999969482422,22.770000457763672,22.530000686645508,22.549999237060547,20.18988800048828,9500
2019-02-20,22.5,22.770000457763672,22.5,22.690000534057617,20.31523323059082,11000
2019-02-21,22.65999984741211,22.780000686645508,22.510000228881836,22.690000534057617,20.31523323059082,10800
2019-02-22,22.770000457763672,22.770000457763672,22.549999237060547,22.559999465942383,20.19883918762207,3800
2019-02-25,22.610000610351562,22.75,22.610000610351562,22.719999313354492,20.34209442138672,5500
2019-02-26,22.799999237060547,22.889999389648438,22.799999237060547,22.836999893188477,20.446849822998047,6400
2019-02-27,22.889999389648438,22.889999389648438,22.711999893188477,22.8799991607666,20.485347747802734,8100
2019-02-28,22.8799991607666,22.889999389648438,22.5049991607666,22.780000686645508,20.39581871032715,44200
2019-03-01,22.829999923706055,22.950000762939453,22.520000457763672,22.950000762939453,20.54802131652832,17400
2019-03-04,22.950000762939453,22.950000762939453,22.780000686645508,22.950000762939453,20.54802131652832,5200
2019-03-05,22.950000762939453,23.0,22.757999420166016,23.0,20.592790603637695,7600
2019-03-06,22.799999237060547,22.989999771118164,22.75,22.989999771118164,20.583837509155273,8800
2019-03-07,22.799999237060547,22.93000030517578,22.698999404907227,22.760000228881836,20.37790870666504,5100
2019-03-08,22.663000106811523,22.889999389648438,22.639999389648438,22.639999389648438,20.270465850830078,6400
2019-03-11,22.639999389648438,22.93000030517578,22.639999389648438,22.739999771118164,20.360000610351562,6800
2019-03-12,22.920000076293945,22.93000030517578,22.65999984741211,22.739999771118164,20.360000610351562,9700
2019-03-13,22.709999084472656,22.920000076293945,22.649999618530273,22.920000076293945,20.521163940429688,7000
2019-03-14,22.920000076293945,22.979999542236328,22.780000686645508,22.959999084472656,20.556976318359375,8500
2019-03-15,22.950000762939453,23.079999923706055,22.850000381469727,22.90999984741211,20.51220703125,15000
2019-03-18,22.90999984741211,23.06999969482422,22.878000259399414,22.99799919128418,20.59099578857422,12100
2019-03-19,22.950000762939453,22.989999771118164,22.809999465942383,22.940000534057617,20.53907012939453,5000
2019-03-20,22.8799991607666,22.920000076293945,22.799999237060547,22.871999740600586,20.47818374633789,10500
2019-03-21,22.8700008392334,23.059999465942383,22.8700008392334,23.0,20.592790603637695,6200
2019-03-22,23.0,23.0,22.899999618530273,23.0,20.592790603637695,4200
2019-03-25,22.8700008392334,23.0,22.860000610351562,22.979999542236328,20.574880599975586,11100
2019-03-26,22.979999542236328,22.979999542236328,22.899999618530273,22.950000762939453,20.54802131652832,22400
2019-03-27,22.950000762939453,22.979999542236328,22.924999237060547,22.950000762939453,20.54802131652832,10700
2019-03-28,22.93000030517578,23.15399932861328,22.920000076293945,22.940000534057617,20.53907012939453,28900
2019-03-29,22.959999084472656,23.149999618530273,22.94300079345703,23.030000686645508,20.619647979736328,42700
2019-04-01,23.030000686645508,23.299999237060547,23.030000686645508,23.290000915527344,20.85243797302246,14400
2019-04-02,23.290000915527344,23.350000381469727,23.149999618530273,23.350000381469727,20.906156539916992,16700
2019-04-03,23.350000381469727,23.540000915527344,23.30699920654297,23.450000762939453,20.99569320678711,16900
2019-04-04,23.3700008392334,23.520000457763672,23.3700008392334,23.520000457763672,21.05836296081543,2600
2019-04-05,23.520000457763672,23.6299991607666,23.464000701904297,23.600000381469727,21.129993438720703,19600
2019-04-08,23.600000381469727,23.641000747680664,23.51799964904785,23.600000381469727,21.129993438720703,40600
2019-04-09,23.510000228881836,23.600000381469727,23.5,23.5,21.04045867919922,15700
2019-04-10,23.549999237060547,23.6299991607666,23.549999237060547,23.6299991607666,21.1568546295166,19700
2019-04-11,23.520000457763672,23.520000457763672,23.399999618530273,23.440000534057617,21.274845123291016,29500
2019-04-12,23.440000534057617,23.5,23.40999984741211,23.459999084472656,21.292999267578125,5100
2019-04-15,23.420000076293945,23.459999084472656,23.389999389648438,23.400999069213867,21.23944664001465,8100
2019-04-16,23.350000381469727,23.459999084472656,23.350000381469727,23.427000045776367,21.26304817199707,8500
2019-04-17,23.399999618530273,23.459999084472656,23.31100082397461,23.459999084472656,21.292999267578125,6900
2019-04-18,23.360000610351562,23.450000762939453,23.360000610351562,23.420000076293945,21.256694793701172,2500
2019-04-22,23.399999618530273,23.489999771118164,23.3799991607666,23.489999771118164,21.320226669311523,4500
2019-04-23,23.489999771118164,23.690000534057617,23.371999740600586,23.690000534057617,21.501752853393555,16400
2019-04-24,23.68000030517578,23.68000030517578,23.540000915527344,23.670000076293945,21.483598709106445,13800
2019-04-25,23.6299991607666,23.6299991607666,23.40999984741211,23.6200008392334,21.43821907043457,12200
2019-04-26,23.600000381469727,23.600000381469727,23.3799991607666,23.3799991607666,21.220386505126953,21300
2019-04-29,23.43000030517578,23.572999954223633,23.43000030517578,23.56999969482422,21.39283561706543,31200
2019-04-30,23.600000381469727,23.610000610351562,23.459999084472656,23.600000381469727,21.420066833496094,42200
2019-05-01,23.600000381469727,23.600000381469727,23.31999969482422,23.3799991607666,21.220386505126953,8700
2019-05-02,23.360000610351562,23.600000381469727,23.360000610351562,23.600000381469727,21.420066833496094,13700
2019-05-03,23.520000457763672,23.790000915527344,23.520000457763672,23.770000457763672,21.57436180114746,49600
2019-05-06,23.559999465942383,23.75,23.559999465942383,23.75,21.556211471557617,37400
2019-05-07,23.600000381469727,23.780000686645508,23.600000381469727,23.610000610351562,21.429141998291016,20300
2019-05-08,23.6200008392334,23.670000076293945,23.520000457763672,23.579999923706055,21.401914596557617,11400
2019-05-09,23.559999465942383,23.663000106811523,23.530000686645508,23.65999984741211,21.47452163696289,4600
2019-05-10,23.559999465942383,23.715999603271484,23.559999465942383,23.709999084472656,21.5199031829834,14100
2019-05-13,23.530000686645508,23.690000534057617,23.530000686645508,23.649999618530273,21.46544647216797,4800
2019-05-14,23.600000381469727,23.757999420166016,23.600000381469727,23.600000381469727,21.420066833496094,6100
2019-05-15,23.739999771118164,23.739999771118164,23.600000381469727,23.670000076293945,21.483598709106445,7600
2019-05-16,23.610000610351562,23.770000457763672,23.610000610351562,23.75,21.556211471557617,7400
2019-05-17,23.670000076293945,23.72100067138672,23.65999984741211,23.711000442504883,21.52081298828125,3400
2019-05-20,23.579999923706055,23.690000534057617,23.579999923706055,23.68000030517578,21.492673873901367,11400
2019-05-21,23.559999465942383,23.68000030517578,23.559999465942383,23.670000076293945,21.483598709106445,7800
2019-05-22,23.59000015258789,23.790000915527344,23.59000015258789,23.739999771118164,21.547134399414062,7800
2019-05-23,23.649999618530273,23.700000762939453,23.600000381469727,23.690000534057617,21.501752853393555,18500
2019-05-24,23.690000534057617,23.700000762939453,23.559999465942383,23.56999969482422,21.39283561706543,14400
2019-05-28,23.56999969482422,23.670000076293945,23.56999969482422,23.610000610351562,21.429141998291016,10900
2019-05-29,23.600000381469727,23.700000762939453,23.579999923706055,23.579999923706055,21.401914596557617,14100
2019-05-30,23.579999923706055,23.636999130249023,23.579999923706055,23.600000381469727,21.420066833496094,16500
2019-05-31,23.610000610351562,23.68000030517578,23.520000457763672,23.559999465942383,21.383758544921875,26300
2019-06-03,23.5,23.549999237060547,22.836000442504883,23.239999771118164,21.093318939208984,44700
2019-06-04,23.239999771118164,23.450000762939453,23.239999771118164,23.290000915527344,21.13869857788086,15300
2019-06-05,23.399999618530273,23.739999771118164,23.309999465942383,23.709999084472656,21.5199031829834,31300
2019-06-06,23.639999389648438,23.69700050354004,23.434999465942383,23.649999618530273,21.46544647216797,7900
2019-06-07,23.739999771118164,23.84000015258789,23.716999053955078,23.84000015258789,21.637897491455078,22100
2019-06-10,23.84000015258789,23.889999389648438,23.799999237060547,23.799999237060547,21.60158920288086,9400
2019-06-11,23.799999237060547,23.799999237060547,23.670000076293945,23.75,21.556211471557617,8400
2019-06-12,23.780000686645508,23.899999618530273,23.670000076293945,23.899999618530273,21.692352294921875,13500
2019-06-13,23.899999618530273,23.899999618530273,23.799999237060547,23.889999389648438,21.683279037475586,6400
2019-06-14,23.8799991607666,23.889999389648438,23.709999084472656,23.878999710083008,21.67329216003418,7500
2019-06-17,23.8799991607666,23.950000762939453,23.760000228881836,23.940000534057617,21.72865867614746,9000
2019-06-18,23.940000534057617,24.0,23.899999618530273,23.969999313354492,21.75588607788086,8200
2019-06-19,23.899999618530273,24.100000381469727,23.899999618530273,24.010000228881836,21.79219627380371,16200
2019-06-20,24.100000381469727,24.559999465942383,24.100000381469727,24.559999465942383,22.29138946533203,54500
2019-06-21,24.309999465942383,24.496999740600586,24.309999465942383,24.489999771118164,22.227855682373047,17800
2019-06-24,24.43000030517578,24.450000762939453,24.239999771118164,24.426000595092773,22.169769287109375,6500
2019-06-25,24.309999465942383,24.399999618530273,24.253000259399414,24.360000610351562,22.109865188598633,8700
2019-06-26,24.309999465942383,24.489999771118164,24.309999465942383,24.489999771118164,22.227855682373047,12100
2019-06-27,24.3799991607666,24.489999771118164,24.3799991607666,24.489999771118164,22.227855682373047,7200
2019-06-28,24.440000534057617,24.600000381469727,24.350000381469727,24.600000381469727,22.32769775390625,32100
2019-07-01,24.549999237060547,24.55500030517578,24.500999450683594,24.500999450683594,22.237838745117188,6800
2019-07-02,24.420000076293945,24.5,24.35099983215332,24.450000762939453,22.191553115844727,7300
2019-07-03,24.450000762939453,24.579999923706055,24.299999237060547,24.5,22.2369327545166,6700
2019-07-05,24.489999771118164,24.49799919128418,24.389999389648438,24.469999313354492,22.209701538085938,8700
2019-07-08,24.59000015258789,24.59000015258789,24.381999969482422,24.53700065612793,22.27051544189453,19400
2019-07-09,24.399999618530273,24.540000915527344,24.354000091552734,24.540000915527344,22.273239135742188,8700
2019-07-10,24.450000762939453,24.655000686645508,24.43000030517578,24.520000457763672,22.255084991455078,46600
2019-07-11,24.270000457763672,24.270000457763672,24.110000610351562,24.1299991607666,22.190710067749023,33100
2019-07-12,24.059999465942383,24.059999465942383,23.829999923706055,23.860000610351562,21.942411422729492,26200
2019-07-15,23.799999237060547,24.139999389648438,23.469999313354492,24.110000610351562,22.172317504882812,11100
2019-07-16,24.239999771118164,24.465999603271484,24.1200008392334,24.15999984741211,22.21830177307129,6800
2019-07-17,24.059999465942383,24.261999130249023,24.049999237060547,24.100000381469727,22.163122177124023,21100
2019-07-18,24.09000015258789,24.18000030517578,24.09000015258789,24.149999618530273,22.209102630615234,9800
2019-07-19,24.06999969482422,24.200000762939453,24.069000244140625,24.100000381469727,22.163122177124023,11300
2019-07-22,24.190000534057617,24.200000762939453,24.059999465942383,24.100000381469727,22.163122177124023,8000
2019-07-23,24.06999969482422,24.229999542236328,24.06999969482422,24.18000030517578,22.236692428588867,12000
2019-07-24,24.229999542236328,24.350000381469727,24.202999114990234,24.280000686645508,22.328655242919922,13000
2019-07-25,24.280000686645508,24.479999542236328,24.149999618530273,24.374000549316406,22.415103912353516,20300
2019-07-26,24.3700008392334,24.389999389648438,24.180999755859375,24.3700008392334,22.411422729492188,10300
2019-07-29,24.299999237060547,24.459999084472656,24.209999084472656,24.43000030517578,22.46660041809082,46100
2019-07-30,24.479999542236328,24.534000396728516,24.40999984741211,24.520000457763672,22.549367904663086,14800
2019-07-31,24.489999771118164,24.5,24.350000381469727,24.350000381469727,22.39303207397461,21400
2019-08-01,24.329999923706055,24.488000869750977,24.30500030517578,24.3799991607666,22.420616149902344,18500
2019-08-02,24.489999771118164,24.489999771118164,24.299999237060547,24.3700008392334,22.411422729492188,17100
2019-08-05,24.5,24.5,24.243000030517578,24.280000686645508,22.328655242919922,2300
2019-08-06,24.270000457763672,24.343000411987305,24.149999618530273,24.270000457763672,22.319459915161133,11900
2019-08-07,24.22800064086914,24.399999618530273,24.209999084472656,24.399999618530273,22.43901252746582,6800
2019-08-08,24.351999282836914,24.408000946044922,24.351999282836914,24.3799991607666,22.420616149902344,3500
2019-08-09,24.256999969482422,24.48699951171875,24.256999969482422,24.459999084472656,22.49418830871582,40200
2019-08-12,24.489999771118164,24.489999771118164,24.459999084472656,24.479999542236328,22.512582778930664,1600
2019-08-13,24.350000381469727,24.459999084472656,24.350000381469727,24.459999084472656,22.49418830871582,13900
2019-08-14,24.579999923706055,24.631000518798828,24.420000076293945,24.535999298095703,22.56407928466797,26100
2019-08-15,24.5,24.649999618530273,24.5,24.634000778198242,22.654205322265625,4900
2019-08-16,24.549999237060547,24.600000381469727,24.510000228881836,24.600000381469727,22.62293815612793,5700
2019-08-19,24.649999618530273,24.65999984741211,24.530000686645508,24.600000381469727,22.62293815612793,9000
2019-08-20,24.6200008392334,24.733999252319336,24.6200008392334,24.690000534057617,22.705705642700195,17600
2019-08-21,24.690000534057617,24.799999237060547,24.690000534057617,24.709999084472656,22.724096298217773,11600
2019-08-22,24.809999465942383,24.899999618530273,24.6299991607666,24.850000381469727,22.852846145629883,17200
2019-08-23,24.749000549316406,24.799999237060547,24.639999389648438,24.65999984741211,22.678115844726562,22600
2019-08-26,24.84000015258789,24.90999984741211,24.729999542236328,24.860000610351562,22.862045288085938,23000
2019-08-27,24.860000610351562,24.950000762939453,24.850000381469727,24.950000762939453,22.944808959960938,10800
2019-08-28,24.889999389648438,24.950000762939453,24.889999389648438,24.92300033569336,22.91997718811035,8500
2019-08-29,24.950000762939453,24.989999771118164,24.8799991607666,24.989999771118164,22.981592178344727,22700
2019-08-30,24.979999542236328,25.049999237060547,24.829999923706055,25.049999237060547,23.036771774291992,66000
2019-09-03,25.0,25.049999237060547,24.753999710083008,25.023000717163086,23.011940002441406,14800
2019-09-04,24.8799991607666,25.049999237060547,24.8799991607666,25.049999237060547,23.036771774291992,8800
2019-09-05,25.049999237060547,25.049999237060547,24.93000030517578,24.96500015258789,22.958602905273438,15200
2019-09-06,25.0,25.030000686645508,24.8700008392334,25.02199935913086,23.01102066040039,14300
2019-09-09,25.049999237060547,25.049999237060547,24.934999465942383,24.985000610351562,22.97699546813965,9500
2019-09-10,25.010000228881836,25.010000228881836,24.850000381469727,24.860000610351562,22.862045288085938,11900
2019-09-11,24.860000610351562,24.950000762939453,24.790000915527344,24.950000762939453,22.944808959960938,13700
2019-09-12,24.950000762939453,24.999000549316406,24.850000381469727,24.93000030517578,22.92641830444336,16500
2019-09-13,24.950000762939453,24.950000762939453,24.59000015258789,24.753000259399414,22.763639450073242,11500
2019-09-16,24.829999923706055,24.899999618530273,24.770000457763672,24.819000244140625,22.8243350982666,17500
2019-09-17,24.81999969482422,24.90999984741211,24.780000686645508,24.829999923706055,22.834453582763672,7600
2019-09-18,24.829999923706055,25.0,24.829999923706055,25.0,22.99079132080078,10900
2019-09-19,24.979999542236328,25.100000381469727,24.969999313354492,25.079999923706055,23.064359664916992,16200
2019-09-20,25.020000457763672,25.100000381469727,25.020000457763672,25.079999923706055,23.064359664916992,2700
2019-09-23,25.040000915527344,25.200000762939453,25.040000915527344,25.1200008392334,23.10114860534668,19800
2019-09-24,25.1200008392334,25.125999450683594,25.030000686645508,25.1200008392334,23.10114860534668,6900
2019-09-25,25.040000915527344,25.131999969482422,24.979999542236328,25.030000686645508,23.018383026123047,15900
2019-09-26,25.020000457763672,25.020000457763672,24.770000457763672,24.93000030517578,22.92641830444336,13600
2019-09-27,24.959999084472656,25.079999923706055,24.950000762939453,25.049999237060547,23.036771774291992,11900
2019-09-30,25.049999237060547,25.09000015258789,24.84000015258789,24.860000610351562,22.862045288085938,33000
2019-10-01,24.899999618530273,24.989999771118164,24.899999618530273,24.97100067138672,22.964122772216797,9100
2019-10-02,25.06999969482422,25.06999969482422,24.700000762939453,24.739999771118164,22.751686096191406,91700
2019-10-03,24.75,24.899999618530273,24.700000762939453,24.729999542236328,22.742490768432617,79500
2019-10-04,24.799999237060547,24.89900016784668,24.739999771118164,24.799999237060547,22.80686378479004,8700
2019-10-07,24.889999389648438,24.889999389648438,24.799999237060547,24.834999084472656,22.83905029296875,12700
2019-10-08,24.920000076293945,24.920000076293945,24.836999893188477,24.899999618530273,22.898826599121094,28100
2019-10-09,24.899999618530273,24.899999618530273,24.81999969482422,24.850000381469727,22.852846145629883,40100
2019-10-10,24.56999969482422,24.66200065612793,24.469999313354492,24.520000457763672,22.843528747558594,9000
2019-10-11,24.440000534057617,24.690000534057617,24.43000030517578,24.690000534057617,23.00190544128418,7800
2019-10-14,24.68000030517578,24.690000534057617,24.43199920654297,24.670000076293945,22.983274459838867,10800
2019-10-15,24.606000900268555,24.799999237060547,24.606000900268555,24.700000762939453,23.01122283935547,12600
2019-10-16,24.649999618530273,24.875,24.649999618530273,24.875,23.174257278442383,10800
2019-10-17,24.889999389648438,24.889999389648438,24.579999923706055,24.68000030517578,22.992589950561523,12600
2019-10-18,24.799999237060547,24.8700008392334,24.799999237060547,24.799999237060547,23.10438346862793,17200
2019-10-21,24.940000534057617,24.95400047302246,24.799999237060547,24.899999618530273,23.197547912597656,17800
2019-10-22,24.899999618530273,24.899999618530273,24.804000854492188,24.850000381469727,23.15096664428711,10100
2019-10-23,24.8700008392334,24.8700008392334,24.829999923706055,24.850000381469727,23.15096664428711,23500
2019-10-24,24.850000381469727,24.899999618530273,24.850000381469727,24.899999618530273,23.197547912597656,48000
2019-10-25,24.899999618530273,24.899999618530273,24.850000381469727,24.8799991607666,23.178913116455078,22800
2019-10-28,24.989999771118164,24.989999771118164,24.850000381469727,24.889999389648438,23.188232421875,18400
2019-10-29,24.850000381469727,24.899999618530273,24.850000381469727,24.850000381469727,23.15096664428711,11900
2019-10-30,24.850000381469727,24.892000198364258,24.799999237060547,24.889999389648438,23.188232421875,14700
2019-10-31,24.889999389648438,24.899999618530273,24.809999465942383,24.889999389648438,23.188232421875,42900
2019-11-01,24.899999618530273,24.899999618530273,24.82900047302246,24.83300018310547,23.135128021240234,22800
2019-11-04,24.899999618530273,24.899999618530273,24.850000381469727,24.899999618530273,23.197547912597656,7800
2019-11-05,24.899999618530273,24.899999618530273,24.768999099731445,24.790000915527344,23.09507179260254,29000
2019-11-06,24.729999542236328,24.8700008392334,24.729999542236328,24.739999771118164,23.04848861694336,13600
2019-11-07,24.75,24.770999908447266,24.579999923706055,24.579999923706055,22.89942741394043,11200
2019-11-08,24.65999984741211,24.700000762939453,24.634000778198242,24.634000778198242,22.949737548828125,6600
2019-11-11,24.420000076293945,24.73900032043457,24.420000076293945,24.510000228881836,22.834213256835938,10600
2019-11-12,24.510000228881836,24.68000030517578,24.510000228881836,24.610000610351562,22.92737579345703,9000
2019-11-13,24.610000610351562,24.739999771118164,24.610000610351562,24.719999313354492,23.02985382080078,16000
2019-11-14,24.790000915527344,24.850000381469727,24.641000747680664,24.641000747680664,22.95625877380371,14800
2019-11-15,24.75,24.78499984741211,24.75,24.780000686645508,23.085752487182617,7000
2019-11-18,24.780000686645508,24.860000610351562,24.75,24.77899932861328,23.084821701049805,14500
2019-11-19,24.799999237060547,24.799999237060547,24.75,24.75,23.057804107666016,8100
2019-11-20,24.799999237060547,24.799999237060547,24.753999710083008,24.799999237060547,23.10438346862793,7600
2019-11-21,24.850000381469727,24.850000381469727,24.760000228881836,24.84000015258789,23.141651153564453,21000
2019-11-22,24.75,24.84000015258789,24.75,24.84000015258789,23.141651153564453,20600
2019-11-25,24.799999237060547,24.8799991607666,24.799999237060547,24.8799991607666,23.178913116455078,20600
2019-11-26,24.8799991607666,24.889999389648438,24.850000381469727,24.889999389648438,23.188232421875,16600
2019-11-27,24.850000381469727,24.8700008392334,24.850000381469727,24.850000381469727,23.15096664428711,17000
2019-11-29,24.8799991607666,24.8799991607666,24.850000381469727,24.860000610351562,23.16028594970703,8200
2019-12-02,24.854000091552734,24.854000091552734,24.709999084472656,24.770000457763672,23.076435089111328,40500
2019-12-03,24.790000915527344,24.8700008392334,24.709999084472656,24.860000610351562,23.16028594970703,16800
2019-12-04,24.829999923706055,24.860000610351562,24.764999389648438,24.770000457763672,23.076435089111328,60700
2019-12-05,24.799999237060547,24.850000381469727,24.799999237060547,24.850000381469727,23.15096664428711,13600
2019-12-06,24.8799991607666,24.929000854492188,24.819000244140625,24.819000244140625,23.122087478637695,8800
2019-12-09,24.829999923706055,24.860000610351562,24.81999969482422,24.83099937438965,23.133264541625977,7500
2019-12-10,24.829999923706055,24.920000076293945,24.81999969482422,24.920000076293945,23.2161808013916,12300
2019-12-11,24.920000076293945,24.959999084472656,24.8799991607666,24.920000076293945,23.2161808013916,8500
2019-12-12,24.969999313354492,24.97599983215332,24.90999984741211,24.97100067138672,23.263696670532227,3100
2019-12-13,25.020000457763672,25.040000915527344,24.920000076293945,25.010000228881836,23.30002784729004,15500
2019-12-16,25.100000381469727,25.10700035095215,25.04599952697754,25.100000381469727,23.383874893188477,4400
2019-12-17,25.100000381469727,25.190000534057617,25.100000381469727,25.15999984741211,23.43977165222168,8300
2019-12-18,25.1299991607666,25.200000762939453,25.100000381469727,25.190000534057617,23.467721939086914,14800
2019-12-19,25.190000534057617,25.260000228881836,25.100000381469727,25.219999313354492,23.495670318603516,10700
2019-12-20,25.170000076293945,25.22599983215332,25.100000381469727,25.15999984741211,23.43977165222168,15600
2019-12-23,25.239999771118164,25.25,25.170000076293945,25.25,23.523616790771484,8900
2019-12-24,25.25,25.280000686645508,25.190000534057617,25.190000534057617,23.467721939086914,6700
2019-12-26,25.209999084472656,25.27899932861328,25.200000762939453,25.200000762939453,23.477039337158203,2000
2019-12-27,25.280000686645508,25.280000686645508,25.200000762939453,25.2549991607666,23.528274536132812,1600
2019-12-30,25.200000762939453,25.27899932861328,25.200000762939453,25.200000762939453,23.477039337158203,15500
2019-12-31,25.280000686645508,25.299999237060547,25.200000762939453,25.280000686645508,23.55156707763672,25500
2020-01-02,25.25,25.350000381469727,25.249000549316406,25.326000213623047,23.594423294067383,45000
2020-01-03,25.350000381469727,25.43000030517578,25.34000015258789,25.420000076293945,23.681995391845703,12700
2020-01-06,25.43000030517578,25.43000030517578,25.309999465942383,25.309999465942383,23.579517364501953,6300
2020-01-07,25.3700008392334,25.3700008392334,25.309999465942383,25.329999923706055,23.598146438598633,6500
2020-01-08,25.350000381469727,25.3799991607666,25.309999465942383,25.3799991607666,23.644729614257812,5800
2020-01-09,25.040000915527344,25.100000381469727,25.030000686645508,25.030000686645508,23.616424560546875,7700
2020-01-10,25.049999237060547,25.184999465942383,25.049999237060547,25.059999465942383,23.644729614257812,9100
2020-01-13,25.149999618530273,25.200000762939453,25.079999923706055,25.107999801635742,23.690019607543945,7600
2020-01-14,25.06999969482422,25.200000762939453,25.06999969482422,25.170000076293945,23.748516082763672,10900
2020-01-15,25.170000076293945,25.170000076293945,25.100000381469727,25.100000381469727,23.682470321655273,9100
2020-01-16,25.100000381469727,25.152000427246094,25.079999923706055,25.079999923706055,23.663599014282227,10600
2020-01-17,25.06999969482422,25.13800048828125,25.06999969482422,25.09000015258789,23.67303466796875,3300
2020-01-21,25.15999984741211,25.15999984741211,25.010000228881836,25.030000686645508,23.616424560546875,16400
2020-01-22,25.1200008392334,25.150999069213867,25.030000686645508,25.030000686645508,23.616424560546875,5600
2020-01-23,25.110000610351562,25.170000076293945,25.100000381469727,25.1200008392334,23.70134162902832,10100
2020-01-24,25.100000381469727,25.158000946044922,25.079999923706055,25.09000015258789,23.67303466796875,5100
2020-01-27,25.09000015258789,25.100000381469727,25.0,25.010000228881836,23.597553253173828,11900
2020-01-28,25.06999969482422,25.1200008392334,25.020000457763672,25.020000457763672,23.60698890686035,6600
2020-01-29,25.149999618530273,25.18000030517578,25.020000457763672,25.049999237060547,23.63529396057129,14500
2020-01-30,25.030000686645508,25.104999542236328,25.030000686645508,25.030000686645508,23.616424560546875,9600
2020-01-31,25.09000015258789,25.09000015258789,25.030000686645508,25.079999923706055,23.663599014282227,11600
2020-02-03,25.09000015258789,25.100000381469727,25.04800033569336,25.079999923706055,23.663599014282227,5000
2020-02-04,25.100000381469727,25.100000381469727,25.049999237060547,25.049999237060547,23.63529396057129,3900
2020-02-05,25.100000381469727,25.170000076293945,25.079999923706055,25.170000076293945,23.748516082763672,8800
2020-02-06,25.200000762939453,25.229999542236328,25.09000015258789,25.190000534057617,23.76738739013672,8900
2020-02-07,25.209999084472656,25.34000015258789,25.198999404907227,25.204999923706055,23.78154182434082,11900
2020-02-10,25.139999389648438,25.280000686645508,25.139999389648438,25.260000228881836,23.83343505859375,2400
2020-02-11,25.239999771118164,25.350000381469727,25.202999114990234,25.350000381469727,23.918354034423828,6100
2020-02-12,25.389999389648438,25.389999389648438,25.239999771118164,25.239999771118164,23.814565658569336,4500
2020-02-13,25.34000015258789,25.3700008392334,25.2810001373291,25.332000732421875,23.901369094848633,3300
2020-02-14,25.3700008392334,25.3700008392334,25.25,25.25,23.823999404907227,9300
2020-02-18,25.190000534057617,25.33799934387207,25.15999984741211,25.15999984741211,23.73908233642578,4100
2020-02-19,25.329999923706055,25.329999923706055,25.190000534057617,25.239999771118164,23.814565658569336,6800
2020-02-20,25.219999313354492,25.31999969482422,25.114999771118164,25.31999969482422,23.890047073364258,7100
2020-02-21,25.31999969482422,25.31999969482422,25.110000610351562,25.110000610351562,23.691905975341797,10600
2020-02-24,25.09000015258789,25.18000030517578,25.0,25.0,23.588117599487305,5400
2020-02-25,25.100000381469727,25.211999893188477,24.850000381469727,25.000999450683594,23.589061737060547,19900
2020-02-26,25.139999389648438,25.149999618530273,25.0,25.100000381469727,23.682470321655273,23100
2020-02-27,25.100000381469727,25.100000381469727,25.0,25.100000381469727,23.682470321655273,9200
2020-02-28,25.0,25.187999725341797,24.549999237060547,25.06999969482422,23.654163360595703,26400
2020-03-02,25.06999969482422,25.31999969482422,24.937999725341797,25.31999969482422,23.890047073364258,16300
2020-03-03,25.31999969482422,25.31999969482422,25.079999923706055,25.1200008392334,23.70134162902832,8500
2020-03-04,25.170000076293945,25.2549991607666,25.138999938964844,25.2549991607666,23.828716278076172,1600
2020-03-05,24.979999542236328,25.07699966430664,24.88599967956543,25.0,23.588117599487305,136000
2020-03-06,24.850000381469727,24.93000030517578,24.6299991607666,24.690000534057617,23.295625686645508,37800
2020-03-09,24.559999465942383,24.559999465942383,24.049999237060547,24.139999389648438,22.776687622070312,12700
2020-03-10,24.299999237060547,24.440000534057617,24.25,24.329999923706055,22.955957412719727,29600
2020-03-11,24.299999237060547,24.59000015258789,23.8799991607666,24.399999618530273,23.022001266479492,30200
2020-03-12,24.190000534057617,24.190000534057617,22.989999771118164,23.299999237060547,21.984127044677734,26900
2020-03-13,23.719999313354492,23.94499969482422,23.5,23.558000564575195,22.227556228637695,13200
2020-03-16,23.190000534057617,23.190000534057617,21.0,21.0,19.81402015686035,7000
2020-03-17,21.0,21.049999237060547,14.90999984741211,15.899999618530273,15.002042770385742,18400
2020-03-18,15.789999961853027,15.789999961853027,8.029999732971191,9.1899995803833,8.670991897583008,42200
2020-03-19,9.050000190734863,11.979999542236328,8.515000343322754,9.539999961853027,9.001225471496582,462800
2020-03-20,10.5,12.531999588012695,9.920000076293945,11.5,10.850534439086914,158200
2020-03-23,11.569999694824219,12.1899995803833,10.819999694824219,12.039999961853027,11.360037803649902,63200
2020-03-24,12.869999885559082,14.869999885559082,12.869999885559082,14.869999885559082,14.030213356018066,35800
2020-03-25,15.229999542236328,16.770000457763672,14.779999732971191,16.729999542236328,15.785168647766113,96300
2020-03-26,16.889999389648438,17.757999420166016,16.799999237060547,17.0,16.039918899536133,59000
2020-03-27,17.0,17.290000915527344,16.13599967956543,16.899999618530273,15.94556713104248,20200
2020-03-30,16.959999084472656,17.375999450683594,16.135000228881836,17.139999389648438,16.172014236450195,29300
2020-03-31,16.989999771118164,17.99799919128418,16.552000045776367,17.6200008392334,16.624906539916992,25100
2020-04-01,17.270000457763672,17.469999313354492,16.225000381469727,17.1299991607666,16.162578582763672,18300
2020-04-02,16.6200008392334,16.6200008392334,16.049999237060547,16.450000762939453,15.52098274230957,32800
2020-04-03,16.200000762939453,16.299999237060547,15.609999656677246,16.010000228881836,15.105831146240234,58100
2020-04-06,16.0,16.440000534057617,15.729999542236328,16.43000030517578,15.502111434936523,118600
2020-04-07,16.8700008392334,16.920000076293945,16.290000915527344,16.43000030517578,15.502111434936523,34800
2020-04-08,16.610000610351562,17.299999237060547,16.426000595092773,17.25,16.599096298217773,32900
2020-04-09,17.969999313354492,19.399999618530273,17.969999313354492,18.75,18.04249382019043,50300
2020-04-13,18.90999984741211,18.90999984741211,17.350000381469727,18.25,17.56136131286621,14900
2020-04-14,18.5,18.75,18.100000381469727,18.100000381469727,17.417022705078125,23300
2020-04-15,17.989999771118164,17.989999771118164,17.260000228881836,17.260000228881836,16.608718872070312,8700
2020-04-16,17.489999771118164,17.489999771118164,16.777000427246094,17.100000381469727,16.454755783081055,14200
2020-04-17,17.360000610351562,17.940000534057617,17.139999389648438,17.309999465942383,16.656829833984375,21400
2020-04-20,17.020000457763672,17.860000610351562,17.020000457763672,17.799999237060547,17.128341674804688,12900
2020-04-21,17.229999542236328,17.82200050354004,17.0,17.739999771118164,17.070606231689453,22500
2020-04-22,17.780000686645508,18.420000076293945,17.700000762939453,18.1200008392334,17.436267852783203,15200
2020-04-23,18.40999984741211,18.40999984741211,17.989999771118164,18.020000457763672,17.34004020690918,11600
2020-04-24,18.040000915527344,18.40999984741211,18.040000915527344,18.209999084472656,17.522871017456055,12200
2020-04-27,18.420000076293945,19.1200008392334,18.209999084472656,19.100000381469727,18.379287719726562,14700
2020-04-28,18.709999084472656,19.399999618530273,18.709999084472656,19.389999389648438,18.658344268798828,12700
2020-04-29,19.399999618530273,20.59000015258789,19.100000381469727,20.520000457763672,19.74570655822754,26000
2020-04-30,20.579999923706055,20.579999923706055,19.799999237060547,19.899999618530273,19.14910125732422,51700
2020-05-01,19.799999237060547,19.972000122070312,19.510000228881836,19.549999237060547,18.812305450439453,8600
2020-05-04,19.100000381469727,19.809999465942383,19.100000381469727,19.809999465942383,19.062498092651367,6100
2020-05-05,19.510000228881836,19.690000534057617,19.020000457763672,19.299999237060547,18.571741104125977,7300
2020-05-06,19.100000381469727,19.781999588012695,18.989999771118164,19.010000228881836,18.29268455505371,7200
2020-05-07,19.600000381469727,20.0,19.469999313354492,20.0,19.24532699584961,13500
2020-05-08,20.270000457763672,20.549999237060547,19.709999084472656,20.280000686645508,19.51476287841797,28000
2020-05-11,20.5,20.5,20.020000457763672,20.299999237060547,19.534008026123047,7900
2020-05-12,20.299999237060547,20.299999237060547,20.0,20.200000762939453,19.437782287597656,10300
2020-05-13,20.049999237060547,20.190000534057617,19.5,19.75,19.004762649536133,4300
2020-05-14,19.5,20.173999786376953,18.540000915527344,19.639999389648438,18.89891242980957,18900
2020-05-15,19.8700008392334,20.170000076293945,19.541000366210938,19.760000228881836,19.01438331604004,6600
2020-05-18,20.110000610351562,21.3700008392334,20.110000610351562,20.976999282836914,20.185461044311523,28400
2020-05-19,20.75,22.31999969482422,20.23200035095215,21.899999618530273,21.073633193969727,13600
2020-05-20,21.979999542236328,21.989999771118164,21.101999282836914,21.856000900268555,21.031293869018555,7000
2020-05-21,21.889999389648438,22.149999618530273,21.700000762939453,21.899999618530273,21.073633193969727,18800
2020-05-22,22.040000915527344,22.040000915527344,21.850000381469727,21.950000762939453,21.121747970581055,14200
2020-05-26,21.979999542236328,22.825000762939453,21.979999542236328,22.75,21.89156150817871,8200
2020-05-27,22.59000015258789,23.0,22.375,22.94099998474121,22.075353622436523,6600
2020-05-28,23.700000762939453,23.898000717163086,22.770000457763672,23.395000457763672,22.512224197387695,19300
2020-05-29,23.440000534057617,24.219999313354492,22.65999984741211,23.93000030517578,23.027034759521484,34400
2020-06-01,23.479999542236328,23.75,23.0,23.450000762939453,22.565147399902344,5100
2020-06-02,23.360000610351562,23.799999237060547,23.360000610351562,23.799999237060547,22.901939392089844,4300
2020-06-03,23.799999237060547,24.25,23.799999237060547,24.200000762939453,23.286848068237305,49900
2020-06-04,24.0,24.065000534057617,23.860000610351562,24.065000534057617,23.156940460205078,6500
2020-06-05,24.25,24.25,23.850000381469727,24.25,23.334959030151367,4100
2020-06-08,24.239999771118164,24.25,23.93000030517578,24.239999771118164,23.32533836364746,5100
2020-06-09,24.09000015258789,24.100000381469727,23.93199920654297,24.100000381469727,23.19062042236328,8000
2020-06-10,24.020000457763672,24.25,24.0,24.190000534057617,23.277225494384766,11400
2020-06-11,23.889999389648438,23.969999313354492,22.385000228881836,23.34000015258789,22.45929718017578,21400
2020-06-12,23.739999771118164,23.875,22.959999084472656,23.0,22.13212776184082,9400
2020-06-15,22.780000686645508,23.290000915527344,21.700000762939453,22.25,21.41042709350586,5900
2020-06-16,23.25,23.809999465942383,22.559999465942383,23.809999465942383,22.911561965942383,6100
2020-06-17,23.649999618530273,24.139999389648438,22.599000930786133,24.0,23.09439468383789,6600
2020-06-18,24.0,24.229999542236328,23.774999618530273,24.040000915527344,23.132884979248047,2100
2020-06-19,24.170000076293945,24.190000534057617,23.131000518798828,23.899999618530273,22.998167037963867,15300
2020-06-22,22.902000427246094,23.7450008392334,22.902000427246094,23.719999313354492,22.82495880126953,15500
2020-06-23,23.75,23.75,22.719999313354492,23.165000915527344,22.29090118408203,12200
2020-06-24,23.170000076293945,23.170000076293945,21.90999984741211,22.75,21.89156150817871,6900
2020-06-25,22.889999389648438,23.25,22.75,23.25,22.37269401550293,6000
2020-06-26,23.260000228881836,24.020000457763672,23.020000457763672,24.00200080871582,23.0963191986084,61100
2020-06-29,24.0,24.229999542236328,24.0,24.209999084472656,23.29646873474121,23900
2020-06-30,24.209999084472656,24.209999084472656,24.049999237060547,24.190000534057617,23.277225494384766,12700
2020-07-01,24.239999771118164,24.579999923706055,24.21299934387207,24.5,23.57552719116211,26500
2020-07-02,24.5,24.645999908447266,24.329999923706055,24.5,23.57552719116211,18600
2020-07-06,24.6299991607666,24.6299991607666,24.440000534057617,24.56999969482422,23.642885208129883,7800
2020-07-07,24.59000015258789,24.59000015258789,24.459999084472656,24.459999084472656,23.53703498840332,8200
2020-07-08,24.469999313354492,24.579999923706055,23.975000381469727,24.322999954223633,23.40520668029785,6200
2020-07-09,24.03700065612793,24.450000762939453,24.010000228881836,24.04199981689453,23.443233489990234,5900
2020-07-10,24.100000381469727,24.25,24.100000381469727,24.184999465942383,23.582672119140625,11000
2020-07-13,24.190000534057617,24.25,24.059999465942383,24.18000030517578,23.57779884338379,9900
2020-07-14,24.113000869750977,24.149999618530273,24.0,24.09600067138672,23.49588966369629,2200
2020-07-15,24.18000030517578,24.200000762939453,24.0,24.200000762939453,23.597301483154297,8000
2020-07-16,24.219999313354492,24.25,24.139999389648438,24.25,23.646055221557617,15300
2020-07-17,24.200000762939453,24.25,24.009000778198242,24.25,23.646055221557617,15400
2020-07-20,24.059999465942383,24.143999099731445,23.959999084472656,23.959999084472656,23.363277435302734,800
2020-07-21,24.06999969482422,24.3799991607666,24.049999237060547,24.229999542236328,23.62655258178711,38200
2020-07-22,24.280000686645508,24.3799991607666,24.030000686645508,24.3799991607666,23.772815704345703,8300
2020-07-23,24.360000610351562,24.360000610351562,24.06999969482422,24.190000534057617,23.587549209594727,10100
2020-07-24,24.190000534057617,24.190000534057617,23.97100067138672,24.139999389648438,23.538793563842773,4400
2020-07-27,24.149999618530273,24.288999557495117,24.054000854492188,24.25,23.646055221557617,14500
2020-07-28,24.260000228881836,24.329999923706055,24.040000915527344,24.239999771118164,23.636302947998047,21300
2020-07-29,24.25,24.700000762939453,24.19499969482422,24.700000762939453,24.084848403930664,10700
2020-07-30,24.510000228881836,24.739999771118164,24.510000228881836,24.729999542236328,24.114099502563477,16800
2020-07-31,24.700000762939453,24.739999771118164,24.6200008392334,24.6200008392334,24.0068416595459,5800
2020-08-03,24.6299991607666,24.6299991607666,24.395000457763672,24.395000457763672,23.787443161010742,14700
2020-08-04,24.479999542236328,24.739999771118164,24.40999984741211,24.40999984741211,23.80207061767578,6100
2020-08-05,24.56999969482422,24.790000915527344,24.420000076293945,24.450000762939453,23.841073989868164,16700
2020-08-06,24.450000762939453,24.540000915527344,24.149999618530273,24.149999618530273,23.548545837402344,10400
2020-08-07,24.15999984741211,24.40399932861328,24.09000015258789,24.110000610351562,23.50954246520996,8800
2020-08-10,24.229999542236328,24.540000915527344,24.19499969482422,24.540000915527344,23.928834915161133,6800
2020-08-11,24.540000915527344,24.670000076293945,24.209999084472656,24.209999084472656,23.6070499420166,12800
2020-08-12,24.3799991607666,24.799999237060547,24.371999740600586,24.6200008392334,24.0068416595459,17600
2020-08-13,24.760000228881836,24.84000015258789,24.610000610351562,24.84000015258789,24.22136116027832,3500
2020-08-14,24.84000015258789,24.850000381469727,24.6299991607666,24.799999237060547,24.182355880737305,11400
2020-08-17,24.889999389648438,25.299999237060547,24.82900047302246,25.219999313354492,24.591896057128906,34200
2020-08-18,25.049999237060547,25.270000457763672,25.0,25.200000762939453,24.572397232055664,17300
2020-08-19,25.260000228881836,25.334999084472656,25.100000381469727,25.219999313354492,24.591896057128906,9700
2020-08-20,25.239999771118164,25.267000198364258,25.010000228881836,25.010000228881836,24.387126922607422,9600
2020-08-21,25.139999389648438,25.139999389648438,24.989999771118164,25.06999969482422,24.445632934570312,5700
2020-08-24,25.18000030517578,25.18000030517578,24.899999618530273,24.950000762939453,24.328622817993164,8400
2020-08-25,24.969999313354492,25.1299991607666,24.829999923706055,24.829999923706055,24.211610794067383,10400
2020-08-26,24.9950008392334,25.149999618530273,24.84000015258789,25.139999389648438,24.513887405395508,12300
2020-08-27,25.149999618530273,25.149999618530273,24.940000534057617,25.149999618530273,24.523639678955078,20500
2020-08-28,25.149999618530273,25.149999618530273,25.030000686645508,25.084999084472656,24.46025848388672,6300
2020-08-31,25.1299991607666,25.149999618530273,25.055999755859375,25.149999618530273,24.523639678955078,4000
2020-09-01,25.149999618530273,25.225000381469727,25.113000869750977,25.15999984741211,24.53339195251465,2900
2020-09-02,25.190000534057617,25.200000762939453,25.020000457763672,25.139999389648438,24.513887405395508,12900
2020-09-03,25.18000030517578,25.18000030517578,25.010000228881836,25.010000228881836,24.387126922607422,3600
2020-09-04,25.18000030517578,25.18000030517578,25.0,25.0,24.377376556396484,4900
2020-09-08,25.0,25.100000381469727,24.799999237060547,25.045000076293945,24.421255111694336,11300
2020-09-09,25.059999465942383,25.219999313354492,25.049999237060547,25.18000030517578,24.552894592285156,7500
2020-09-10,25.219999313354492,25.219999313354492,24.86199951171875,25.200000762939453,24.572397232055664,8600
2020-09-11,25.200000762939453,25.239999771118164,25.020000457763672,25.239999771118164,24.611398696899414,11100
2020-09-14,25.31999969482422,25.31999969482422,25.11199951171875,25.25,24.62114906311035,4500
2020-09-15,25.290000915527344,25.299999237060547,25.239999771118164,25.299999237060547,24.669902801513672,4200
2020-09-16,25.360000610351562,25.360000610351562,25.0,25.010000228881836,24.387126922607422,19300
2020-09-17,24.989999771118164,25.139999389648438,24.969999313354492,25.0,24.377376556396484,23000
2020-09-18,25.020000457763672,25.219999313354492,24.899999618530273,25.200000762939453,24.572397232055664,17500
2020-09-21,25.040000915527344,25.149999618530273,25.0,25.1299991607666,24.50413703918457,10500
2020-09-22,25.09000015258789,25.149999618530273,25.010000228881836,25.06999969482422,24.445632934570312,28000
2020-09-23,25.010000228881836,25.139999389648438,24.854999542236328,24.989999771118164,24.367626190185547,34000
2020-09-24,24.989999771118164,25.149999618530273,24.989999771118164,25.149999618530273,24.523639678955078,11900
2020-09-25,25.149999618530273,25.31999969482422,25.09000015258789,25.299999237060547,24.669902801513672,13800
2020-09-28,25.350000381469727,25.399999618530273,25.104999542236328,25.270000457763672,24.64065170288086,15900
2020-09-29,25.350000381469727,25.350000381469727,25.274999618530273,25.350000381469727,24.718658447265625,3800
2020-09-30,25.350000381469727,25.649999618530273,25.350000381469727,25.649999618530273,25.011188507080078,28400
2020-10-01,25.489999771118164,25.6200008392334,25.34000015258789,25.520000457763672,24.88442611694336,11200
2020-10-02,25.600000381469727,25.610000610351562,25.510000228881836,25.579999923706055,24.94293212890625,7400
2020-10-05,25.579999923706055,25.579999923706055,25.297000885009766,25.350000381469727,24.718658447265625,19000
2020-10-06,25.3700008392334,25.399999618530273,25.290000915527344,25.375,24.7430362701416,10000
2020-10-07,25.420000076293945,25.84000015258789,25.40999984741211,25.829999923706055,25.186704635620117,22200
2020-10-08,25.540000915527344,25.760000228881836,25.280000686645508,25.670000076293945,25.344676971435547,8700
2020-10-09,25.540000915527344,25.611000061035156,25.219999313354492,25.309999465942383,24.989238739013672,32700
2020-10-12,25.3700008392334,25.489999771118164,25.3700008392334,25.389999389648438,25.068225860595703,2800
2020-10-13,25.3700008392334,25.389999389648438,25.209999084472656,25.389999389648438,25.068225860595703,5400
2020-10-14,25.239999771118164,25.344999313354492,25.049999237060547,25.06100082397461,24.743396759033203,6000
2020-10-15,25.049999237060547,25.3700008392334,25.049999237060547,25.25,24.93000030517578,3800
2020-10-16,25.3700008392334,25.3700008392334,25.059999465942383,25.1200008392334,24.80164909362793,7900
2020-10-19,25.229999542236328,25.360000610351562,25.170000076293945,25.350000381469727,25.02873420715332,8400
2020-10-20,25.360000610351562,25.3700008392334,25.06999969482422,25.149999618530273,24.831266403198242,12100
2020-10-21,25.229999542236328,25.25,25.079999923706055,25.079999923706055,24.762155532836914,6500
2020-10-22,25.25,25.25,24.959999084472656,25.030000686645508,24.71278953552246,8300
2020-10-23,25.18000030517578,25.18000030517578,24.920000076293945,25.010000228881836,24.693042755126953,20800
2020-10-26,25.0,25.010000228881836,24.799999237060547,25.0,24.683168411254883,37600
2020-10-27,25.170000076293945,25.170000076293945,24.81999969482422,24.860000610351562,24.54494285583496,49300
2020-10-28,24.799999237060547,25.049999237060547,24.770000457763672,24.899999618530273,24.584436416625977,13100
2020-10-29,24.989999771118164,25.190000534057617,24.8700008392334,24.8700008392334,24.55481719970703,14200
2020-10-30,24.899999618530273,25.079999923706055,24.899999618530273,25.027999877929688,24.710813522338867,4800
2020-11-02,25.06999969482422,25.097000122070312,25.0,25.045000076293945,24.727598190307617,4300
2020-11-03,25.06999969482422,25.06999969482422,25.0,25.0,24.683168411254883,5200
2020-11-04,25.219999313354492,25.219999313354492,25.010000228881836,25.010000228881836,24.693042755126953,4700
2020-11-05,25.209999084472656,25.239999771118164,25.040000915527344,25.040000915527344,24.7226619720459,2300
2020-11-06,25.149999618530273,25.152000427246094,25.020000457763672,25.020000457763672,24.70291519165039,1200
2020-11-09,25.06999969482422,25.270000457763672,25.049999237060547,25.270000457763672,24.94974708557129,4100
2020-11-10,25.290000915527344,25.290000915527344,25.010000228881836,25.010000228881836,24.693042755126953,3900
2020-11-11,25.190000534057617,25.190000534057617,25.059999465942383,25.09000015258789,24.77202796936035,1700
2020-11-12,25.209999084472656,25.209999084472656,25.100000381469727,25.200000762939453,24.880634307861328,6100
2020-11-13,25.200000762939453,25.25,25.200000762939453,25.25,24.93000030517578,4800
2020-11-16,25.309999465942383,25.399999618530273,25.219999313354492,25.299999237060547,24.979366302490234,3800
2020-11-17,25.299999237060547,25.299999237060547,25.229999542236328,25.229999542236328,24.910253524780273,2800
2020-11-18,25.34000015258789,25.34000015258789,25.229999542236328,25.229999542236328,24.910253524780273,2200
2020-11-19,25.3799991607666,25.3799991607666,25.149999618530273,25.270000457763672,24.94974708557129,4800
2020-11-20,25.360000610351562,25.389999389648438,25.219999313354492,25.334999084472656,25.0139217376709,4800
2020-11-23,25.350000381469727,25.795000076293945,25.350000381469727,25.389999389648438,25.068225860595703,11400
2020-11-24,25.3700008392334,25.3700008392334,25.1299991607666,25.18000030517578,24.86088752746582,3500
2020-11-25,25.239999771118164,25.299999237060547,25.18000030517578,25.18000030517578,24.86088752746582,4400
2020-11-27,25.290000915527344,25.639999389648438,25.290000915527344,25.309999465942383,24.989238739013672,3900
2020-11-30,25.110000610351562,25.270000457763672,25.079999923706055,25.209999084472656,24.890506744384766,5100
2020-12-01,25.139999389648438,25.329999923706055,25.139999389648438,25.329999923706055,25.00898551940918,2400
2020-12-02,25.31999969482422,25.700000762939453,25.264999389648438,25.399999618530273,25.07809829711914,2500
2020-12-03,25.489999771118164,25.549999237060547,25.1299991607666,25.549999237060547,25.226198196411133,3300
2020-12-04,25.559999465942383,25.600000381469727,25.309999465942383,25.5,25.17683219909668,7600
2020-12-07,25.420000076293945,25.5,25.399999618530273,25.40999984741211,25.08797264099121,4700
2020-12-08,25.399999618530273,25.450000762939453,25.399999618530273,25.399999618530273,25.07809829711914,7900
2020-12-09,25.450000762939453,25.450000762939453,25.110000610351562,25.110000610351562,24.79177474975586,15000
2020-12-10,25.200000762939453,25.315000534057617,25.200000762939453,25.239999771118164,24.92012596130371,5700
2020-12-11,25.360000610351562,25.36400032043457,25.309999465942383,25.31999969482422,24.999113082885742,6900
2020-12-14,25.360000610351562,25.450000762939453,25.360000610351562,25.440000534057617,25.11759376525879,4000
2020-12-15,25.450000762939453,25.450000762939453,25.329999923706055,25.329999923706055,25.00898551940918,10400
2020-12-16,25.309999465942383,25.5,25.309999465942383,25.5,25.17683219909668,9600
2020-12-17,25.5,25.5,25.3799991607666,25.450000762939453,25.127466201782227,4500
2020-12-18,25.450000762939453,25.489999771118164,25.299999237060547,25.31999969482422,24.999113082885742,12000
2020-12-21,25.31999969482422,25.722000122070312,25.31999969482422,25.520000457763672,25.196578979492188,6700
2020-12-22,25.47800064086914,25.47800064086914,25.18000030517578,25.18000030517578,24.86088752746582,5400
2020-12-23,25.239999771118164,25.559999465942383,25.18000030517578,25.190000534057617,24.87076187133789,8100
2020-12-24,25.239999771118164,25.360000610351562,25.18000030517578,25.360000610351562,25.038606643676758,4400
2020-12-28,25.299999237060547,25.31599998474121,25.200000762939453,25.25,24.93000030517578,9500
2020-12-29,25.280000686645508,25.299999237060547,25.15999984741211,25.200000762939453,24.880634307861328,13100
2020-12-30,25.200000762939453,25.239999771118164,25.06999969482422,25.239999771118164,24.92012596130371,29100
2020-12-31,25.229999542236328,25.280000686645508,25.139999389648438,25.200000762939453,24.880634307861328,102200
2021-01-04,25.270000457763672,25.270000457763672,25.149999618530273,25.200000762939453,24.880634307861328,9300
2021-01-05,25.200000762939453,25.459999084472656,25.200000762939453,25.459999084472656,25.137338638305664,8800
2021-01-06,25.399999618530273,25.40999984741211,25.139999389648438,25.350000381469727,25.02873420715332,13400
2021-01-07,25.299999237060547,25.299999237060547,25.200000762939453,25.239999771118164,24.92012596130371,9700
2021-01-08,25.200000762939453,25.349000930786133,25.200000762939453,25.25,24.93000030517578,4300
2021-01-11,25.049999237060547,25.229999542236328,25.0,25.110000610351562,25.110000610351562,7000
2021-01-12,25.18000030517578,25.18000030517578,24.989999771118164,25.010000228881836,25.010000228881836,8700
2021-01-13,25.059999465942383,25.1200008392334,24.989999771118164,24.989999771118164,24.989999771118164,16500
2021-01-14,25.06999969482422,25.16900062561035,25.010000228881836,25.040000915527344,25.040000915527344,14100
2021-01-15,25.0,25.09000015258789,25.0,25.030000686645508,25.030000686645508,6500
2021-01-19,25.09000015258789,25.135000228881836,25.049999237060547,25.100000381469727,25.100000381469727,8500
2021-01-20,25.1299991607666,25.149999618530273,25.0,25.149999618530273,25.149999618530273,6100
2021-01-21,25.15999984741211,25.15999984741211,25.010000228881836,25.06100082397461,25.06100082397461,7000
2021-01-22,25.1200008392334,25.149999618530273,25.076000213623047,25.149999618530273,25.149999618530273,2500
2021-01-25,25.15999984741211,25.15999984741211,25.059999465942383,25.104999542236328,25.104999542236328,5700
2021-01-26,25.149999618530273,25.149999618530273,25.030000686645508,25.100000381469727,25.100000381469727,3800
2021-01-27,24.037099838256836,25.110000610351562,24.996999740600586,25.049999237060547,25.049999237060547,22926
